{
  "asset": {
    "version": "2.0",
    "generator": "THREE.GLTFExporter r180"
  },
  "scenes": [
    {
      "name": "Scene",
      "nodes": [
        0
      ]
    }
  ],
  "scene": 0,
  "nodes": [
    {
      "name": "kamereglb",
      "extras": {
        "name": "kamere.glb"
      },
      "children": [
        1,
        2,
        3,
        4,
        5,
        6,
        7
      ]
    },
    {
      "matrix": [
        1,
        0,
        0,
        0,
        0,
        -0.006981260297960867,
        -0.9999756307053949,
        0,
        0,
        0.9999756307053949,
        -0.006981260297960867,
        0,
        0,
        60,
        0,
        1
      ],
      "name": "load_camera",
      "extras": {
        "name": "load_camera"
      },
      "camera": 0
    },
    {
      "matrix": [
        1,
        0,
        0,
        0,
        0,
        1,
        0,
        0,
        0,
        0,
        1,
        0,
        -8,
        0.47956180572509766,
        8.433207511901855,
        1
      ],
      "name": "Camera_start",
      "extras": {
        "name": "Camera.001"
      },
      "camera": 1
    },
    {
      "matrix": [
        -0.03354689467896741,
        0.0003249952501068825,
        0.9994371445160606,
        0,
        0.01936830765166765,
        0.9998123639645606,
        0.0003249952329628421,
        0,
        -0.999249508411685,
        0.019368308673199056,
        -0.03354689467865717,
        0,
        10,
        1.7,
        -0.12,
        1
      ],
      "name": "Camera_mehanicar",
      "extras": {
        "name": "Camera"
      },
      "camera": 2
    },
    {
      "matrix": [
        -4.732438830783422e-8,
        0.0017453470367042373,
        -0.9999985122990226,
        0,
        -0.24192189594829172,
        0.9702942497782451,
        0.0016935141618300256,
        0,
        0.9702957606252568,
        0.24192153576814462,
        0.0004221917450096796,
        0,
        -7.6,
        0.7,
        0.14100000262260437,
        1
      ],
      "name": "Laptop",
      "extras": {
        "name": "Camera"
      },
      "camera": 3
    },
    {
      "matrix": [
        1,
        0,
        0,
        0,
        0,
        0.9993908282362564,
        -0.03489946235967878,
        0,
        0,
        0.03489946235967878,
        0.9993908282362564,
        0,
        -8,
        1.600000023841858,
        9.589318995229341,
        1
      ],
      "name": "Servis",
      "extras": {
        "name": "Camera.001"
      },
      "camera": 4
    },
    {
      "matrix": [
        0.7183539701426352,
        -0.015958445653781076,
        0.6954947171565209,
        0,
        0.03764733631433159,
        0.9991636533024761,
        -0.015958445653781083,
        0,
        -0.694658370458997,
        0.0376473363143316,
        0.7183539701426352,
        0,
        -14.38,
        1.6,
        7.38,
        1
      ],
      "name": "Login",
      "extras": {
        "name": "Camera.002"
      },
      "camera": 5
    },
    {
      "matrix": [
        -8.207045574248894e-7,
        -9.033584377066138e-9,
        -0.999999999999663,
        0,
        -0.05407881297854788,
        0.9985366703265477,
        3.5362363010049665e-8,
        0,
        0.9985366703262117,
        0.05407881297855872,
        -8.199921217588724e-7,
        0,
        -0.4000000059604645,
        1.600000023841858,
        0,
        1
      ],
      "name": "Djelovi",
      "extras": {
        "name": "Camera.003"
      },
      "camera": 6
    }
  ],
  "cameras": [
    {
      "type": "perspective",
      "perspective": {
        "aspectRatio": 1.7372147915027538,
        "yfov": 0.8726646259971648,
        "zfar": 2000,
        "znear": 0.1
      },
      "name": "PerspectiveCamera"
    },
    {
      "type": "perspective",
      "perspective": {
        "aspectRatio": 1.7372147915027538,
        "yfov": 0.3867876737504158,
        "zfar": 1000,
        "znear": 0.10000000149011612
      },
      "name": "PerspectiveCamera"
    },
    {
      "type": "perspective",
      "perspective": {
        "aspectRatio": 1.7372147915027538,
        "yfov": 0.7798027956176735,
        "zfar": 1000,
        "znear": 0.10000000149011612
      },
      "name": "PerspectiveCamera"
    },
    {
      "type": "perspective",
      "perspective": {
        "aspectRatio": 1.7372147915027538,
        "yfov": 0.39959652046304894,
        "zfar": 1000,
        "znear": 0.10000000149011612
      },
      "name": "PerspectiveCamera"
    },
    {
      "type": "perspective",
      "perspective": {
        "aspectRatio": 1.7372147915027538,
        "yfov": 0.39959652046304894,
        "zfar": 1000,
        "znear": 0.10000000149011612
      },
      "name": "PerspectiveCamera"
    },
    {
      "type": "perspective",
      "perspective": {
        "aspectRatio": 1.7372147915027538,
        "yfov": 0.3982841353051061,
        "zfar": 1000,
        "znear": 0.10000000149011612
      },
      "name": "PerspectiveCamera"
    },
    {
      "type": "perspective",
      "perspective": {
        "aspectRatio": 1.7372147915027538,
        "yfov": 0.39959652046304894,
        "zfar": 1000,
        "znear": 0.10000000149011612
      },
      "name": "PerspectiveCamera"
    }
  ]
}